253.43
253.04
252.59
252.13
251.96
251.87
251.79
251.76
251.68
251.59
251.56
251.58
251.56
251.56
251.58
251.59
252.27
252.89
252.96
252.74
252.76
253.13
253.34
253.34
255.08
255.6
255.53
255.41
255.34
255.39
255.3
255.23
255.18
255.34
255.67
256.84
259.07
259.49
259.62
259.76
259.88
259.73
259.41
259.13
258.79
258.5
258.14
257.81
257.38
256.92
256.46
256.04
255.79
255.43
255.03
254.6
254.08
253.63
253.08
252.69
252.5
252.31
252.13
252.04
251.97
251.94
251.9
251.86
251.85
251.93
252.04
252.3
252.56
252.79
252.84
252.9
252.92
252.72
252.36
251.97
251.68
251.61
251.59
251.54
251.62
251.57
251.6
252.41
252.86
252.96
252.99
252.88
252.75
252.62
252.46
252.32
252.22
252.18
252.21
252.17
252.12
252.08
252.01
251.98
251.92
251.89
251.86
251.76
251.71
251.69
251.66
251.64
251.61
251.62
251.62
251.64
251.6
251.56
251.49
251.45
251.43
251.37
251.4
251.38
251.33
251.35
251.26
251.28
251.2
251.14
251.11
251.08
251.02
251.03
251.01
251
251.62
252.34
252.56
252.61
252.54
252.5
253.27
253.68
253.83
253.88
253.81
253.82
254.36
254.34
254.19
253.97
253.68
253.38
253.05
252.7
252.32
252.05
251.91
251.89
251.89
251.84
251.87
251.9
251.86
251.84
252.07
252.15
252.13
252.1
252.07
252.04
252
251.96
251.93
251.88
251.84
251.77
251.78
251.69
251.63
251.56
251.51
251.45
251.39
251.34
251.3
251.25
251.19
251.12
251.08
251.04
251
251.17
251.07
251.03
250.95
251.02
251.04
251.09
251.11
251.11
251.06
251.03
250.99
250.96
250.89
250.95
250.92
250.96
250.93
250.88
250.87
250.82
250.79
250.77
250.84
250.92
250.9
250.86
250.82
250.78
250.77
250.72
250.66
250.6
250.57
250.52
250.5
250.42
250.48
250.44
250.39
250.34
250.35
250.42
250.38
250.35
250.3
250.26
250.22
250.17
250.12
250.06
250.01
249.98
249.92
249.86
249.78
249.72
249.68
249.65
249.55
249.52
249.48
249.42
249.38
249.29
249.24
249.19
249.13
249.07
249
248.88
248.87
248.8
248.72
248.67
248.76
248.85
248.87
249.03
249.98
250.11
250.09
250.11
250.05
250.01
249.98
249.96
249.91
249.87
249.84
249.8
249.78
249.74
249.85
249.86
249.83
249.78
249.75
249.73
249.7
249.69
249.65
249.6
249.55
249.53
249.55
249.6
249.62
249.59
249.55
249.52
249.47
249.44
249.41
249.48
249.49
249.48
249.41
249.39
249.37
249.34
249.32
249.29
249.26
249.23
249.21
249.23
249.2
249.16
249.16
249.14
249.12
249.11
249.13
249.06
249.03
249.05
249.02
248.98
248.96
248.88
248.97
248.99
248.97
248.96
248.91
248.99
248.9
248.88
248.84
248.82
248.84
248.89
248.87
248.82
248.77
248.85
248.88
248.9
248.92
248.91
248.9
248.94
248.88
248.87
248.89
248.92
248.95
248.88
248.86
248.86
248.87
248.88
248.9
248.92
248.92
248.92
248.92
248.92
248.98
248.92
248.89
248.93
248.94
248.91
248.86
248.86
248.84
248.87
248.85
248.81
248.81
248.83
248.78
248.78
248.75
248.77
248.88
248.86
248.85
248.85
248.86
248.84
248.82
248.92
248.84
248.87
249.26
249.41
249.47
249.52
249.59
249.56
249.56
249.56
249.56
249.63
249.54
249.52
249.48
249.53
249.49
249.45
249.43
249.41
249.38
249.34
249.39
249.32
249.29
249.4
249.4
249.44
249.36
249.39
249.39
249.55
249.61
249.62
249.68
249.87
250.05
250.12
250.17
250.18
250.2
250.26
250.28
250.33
250.32
250.31
250.34
250.31
250.34
250.54
250.6
250.67
250.78
250.9
250.95
251.39
251.94
252.13
252.21
252.2
252.25
252.39
252.35
252.37
252.39
252.46
252.52
252.63
252.63
252.65
252.64
252.51
252.78
252.81
252.82
252.8
252.83
252.74
252.74
252.72
252.7
252.63
252.64
252.47
252.38
252.52
252.47
252.38
252.34
252.25
252.48
252.44
252.43
252.44
252.42
252.39
252.35
252.29
252.26
252.23
252.33
252.39
252.41
252.39
252.41
252.36
252.32
252.26
252.19
252.18
252.16
252.08
251.93
252.31
252.5
252.53
252.51
252.48
252.42
252.35
252.26
252.17
252.11
252.05
251.98
251.92
251.88
251.9
251.93
251.97
251.94
251.9
251.82
251.75
251.72
251.64
251.61
251.54
251.5
251.44
251.38
251.35
251.27
251.2
251.18
251.25
251.24
251.18
251.14
251.08
251.02
250.96
251
251.01
250.99
251.06
251.12
251.08
251.04
251.02
250.98
250.89
250.82
250.76
250.72
250.66
250.61
250.52
250.49
250.41
250.36
250.26
250.25
250.19
250.12
250.07
250
249.98
249.96
249.92
249.87
249.82
249.72
249.66
249.69
249.65
249.62
249.57
249.54
249.46
249.37
249.41
249.44
249.42
249.36
249.28
249.22
249.22
249.13
249.1
249.1
249.02
248.94
248.89
248.89
248.87
248.85
248.83
248.79
248.75
248.69
248.64
248.58
248.51
248.42
248.53
248.75
248.74
248.7
248.67
248.61
248.54
248.5
248.44
248.48
248.43
248.42
248.36
248.3
248.26
248.25
248.32
248.4
248.41
248.36
248.35
248.3
248.34
248.3
248.29
248.21
248.17
248.09
248.07
248.03
247.96
247.92
247.86
247.81
247.78
247.72
247.74
247.7
247.66
247.62
247.54
247.5
247.53
247.77
247.72
247.69
247.65
247.61
247.59
247.52
247.5
247.51
247.4
247.48
247.44
247.47
247.42
247.38
247.33
247.89
247.91
247.91
247.9
247.87
247.85
247.81
247.76
247.74
247.69
247.67
247.65
247.7
247.63
247.65
247.66
247.62
247.62
247.57
247.61
247.59
247.55
247.54
247.48
247.39
247.67
247.76
247.76
247.76
247.74
247.72
247.71
247.66
247.86
247.8
247.81
247.81
247.78
247.77
247.74
247.72
247.71
247.76
247.82
247.83
247.83
247.83
247.9
248.02
248.2
248.25
248.31
248.32
248.49
248.48
248.51
248.51
248.54
248.62
248.64
248.55
248.51
248.5
248.51
248.5
248.48
248.51
248.5
248.58
248.59
248.63
248.61
248.58
248.57
248.55
248.62
248.59
248.6
248.66
248.66
248.66
248.68
248.68
248.62
248.79
248.84
248.82
248.79
248.79
248.8
248.8
248.78
248.8
248.83
248.84
248.83
248.87
248.83
248.87
248.96
248.83
248.81
248.8
248.79
248.84
248.85
248.85
248.97
249.02
249.09
249.14
249.23
249.46
249.47
249.49
249.56
249.59
249.65
249.7
249.71
250.18
250.53
250.64
250.66
250.68
250.7
250.82
250.81
250.82
250.83
250.85
250.86
250.86
250.9
250.87
250.89
250.99
251.22
251.33
251.4
251.44
251.82
253.01
253.3
253.4
253.49
253.5
253.44
253.5
253.49
253.45
253.4
253.38
253.31
253.3
253.24
253.21
253.18
253.11
253.05
252.97
252.92
252.87
252.84
252.79
252.77
252.74
252.68
252.66
252.69
252.79
252.78
252.76
252.72
252.79
252.83
252.83
252.79
252.73
252.73
252.72
252.65
252.61
252.78
253.16
253.14
252.99
253.05
252.9
252.8
252.72
252.63
252.63
252.65
252.6
252.53
252.41
252.3
252.22
252.15
252.12
252.18
252.23
252.21
252.18
252.14
252.07
252.03
252.04
251.98
252.11
252.05
252.04
252.02
251.97
251.92
251.86
251.82
251.77
251.73
251.74
251.77
251.9
251.9
251.85
251.81
251.79
251.75
251.72
251.63
251.63
251.64
251.6
251.56
251.5
251.43
251.39
251.34
251.32
251.25
251.17
251.13
251.06
251
250.97
250.94
250.88
250.83
250.78
250.86
251.04
251.03
251
250.98
250.92
250.9
250.85
250.78
250.76
250.73
250.71
250.71
250.66
250.69
250.59
250.55
250.48
250.53
250.57
250.48
250.49
250.48
250.36
250.32
250.28
250.25
250.25
250.21
250.4
250.36
250.29
250.4
250.42
250.4
250.35
250.33
250.28
250.25
250.18
250.45
250.51
250.49
250.47
250.46
250.43
250.48
250.44
250.42
250.39
250.37
250.33
250.3
250.26
250.36
250.36
250.54
250.53
250.66
250.71
250.71
250.75
250.72
250.67
250.65
250.61
250.57
250.52
250.54
250.51
250.75
251.68
251.82
251.85
251.86
251.84
251.79
251.77
251.72
251.69
251.65
251.74
251.73
251.71
251.72
251.71
251.68
251.64
251.62
251.68
251.7
251.69
251.69
251.65
251.64
251.6
251.56
251.62
251.56
251.52
251.49
251.5
251.5
251.46
251.43
251.4
251.37
251.35
251.35
251.33
251.3
251.33
251.26
251.21
251.18
251.15
251.13
251.1
251.06
251.05
251.02
250.98
250.94
250.93
250.89
250.88
250.93
250.87
250.88
250.81
250.85
250.85
250.81
250.78
250.76
250.73
250.75
250.68
250.67
250.65
250.65
250.63
250.6
250.59
250.56
250.55
250.53
250.52
250.5
250.48
250.49
250.45
250.43
250.44
250.44
250.42
250.42
250.4
250.4
250.4
250.41
250.38
250.38
250.35
250.47
250.38
250.36
250.35
250.31
250.78
250.97
251.06
251.25
251.25
251.29
251.33
251.41
251.47
251.53
251.52
251.55
251.55
251.54
251.54
251.54
251.58
251.58
251.56
251.64
251.64
251.73
252.29
253.6
253.77
253.61
253.38
253.07
252.71
252.4
252.26
252.18
252.09
252.03
251.93
251.89
252
252.02
252.01
251.97
251.88
251.87
251.85
251.93
252.43
252.61
252.57
252.53
252.39
252.33
252.13
252.1
252.17
252.22
252.2
252.29
252.22
252.04
251.98
252.18
252.31
252.29
252.6
252.93
252.92
252.79
252.62
252.42
252.23
252.13
252.09
251.97
251.96
251.94
251.93
251.93
252.16
252.27
252.18
252.07
252.01
251.95
251.87
251.96
251.9
251.94
251.89
251.86
252.03
252.16
252.22
252.14
252.11
252.04
251.99
252.03
252.13
252.1
252.04
252.05
252.28
252.29
252.28
252.17
252.09
252.04
251.92
252.08
252.12
252.07
252.04
251.98
251.91
251.8
251.85
252.02
252.05
252.08
252.01
251.97
251.91
251.86
251.83
251.84
252.12
252.15
252.07
252
251.94
251.84
251.77
252.61
253.71
253.67
253.38
253.05
252.71
252.31
252.01
251.8
251.72
251.67
251.59
251.66
252.01
252.71
252.83
252.68
252.5
252.36
252.08
251.85
251.74
251.69
251.67
251.63
251.6
251.55
251.52
251.56
251.58
251.52
251.58
253.5
255.06
255.04
255.2
255.3
255.16
254.97
254.58
254.16
253.73
253.26
252.96
252.62
252.24
252.01
251.96
251.9
251.86
251.82
251.82
251.82
251.88
252.06
252.77
253.92
254.35
254.6
254.73
254.52
254.2
253.8
253.67
253.65
253.45
253.39
253.68
253.52
253.24
252.83
252.31
252
251.86
251.73
251.7
251.69
251.63
251.62
251.6
251.61
251.59
251.61
251.56
251.56
251.55
251.49
251.54
251.6
251.74
251.77
251.75
251.79
251.75
251.73
251.72
251.71
251.76
251.79
251.97
251.99
251.94
251.88
251.83
251.79
251.81
251.79
251.87
251.99
252.03
251.95
251.88
251.83
251.8
251.77
251.74
251.7
251.67
251.84
251.92
251.95
251.89
251.87
251.82
251.78
251.75
251.7
251.68
251.61
251.59
251.57
251.49
251.44
251.43
251.35
251.31
251.27
251.24
251.31
251.29
251.24
251.19
251.16
251.12
251.07
251.03
250.99
250.95
250.92
250.88
250.83
250.8
250.76
250.71
250.85
250.86
250.87
250.81
250.79
250.77
250.75
250.73
250.69
250.66
250.64
250.59
250.58
250.54
250.5
250.47
250.45
250.37
250.36
250.3
250.29
250.26
250.24
250.21
250.16
250.24
250.27
250.23
250.2
250.19
250.16
250.19
250.11
250.08
250.06
250.02
250.06
249.97
249.94
249.94
249.92
249.89
249.98
249.86
249.83
249.82
249.8
249.83
249.74
249.71
249.88
249.97
249.98
249.99
249.98
249.98
249.95
249.96
249.95
249.94
249.92
249.94
249.95
249.95
250.04
250.11
250.12
250.13
250.31
250.42
250.54
250.66
250.6
250.62
250.64
250.62
250.71
251.35
251.78
251.93
251.99
252.04
252.07
253.2
253.95
253.88
253.7
253.48
253.11
252.71
252.25
252.12
252.03
251.91
251.87
251.96
252.58
253.8
253.94
253.94
253.84
253.61
253.38
253.06
252.74
252.42
252.18
251.9
251.89
251.79
251.82
251.8
251.82
251.86
251.86
251.85
251.86
251.88
251.88
251.89
251.94
252.12
252.06
252.14
252.17
252.19
252.21
252.14
252.18
252.25
252.35
252.73
253.2
253.32
253.28
253.1
252.83
252.76
252.77
252.64
252.39
252.06
251.89
251.84
251.8
251.81
251.82
251.87
251.92
251.98
252.05
253.3
254.94
255.45
255.49
255.19
254.9
254.41
253.92
253.45
252.95
252.58
252.48
252.35
252.21
252.09
252.05
251.99
251.94
252.03
252.02
251.98
252.02
252.17
252.39
252.42
252.29
252.17
252.02
251.97
251.97
251.91
252.68
253.68
253.62
253.32
252.95
252.56
252.15
251.95
252.31
252.46
252.39
252.3
252.36
252.36
252.28
252.12
251.92
251.82
252.12
252.41
252.49
252.48
252.46
252.63
252.79
252.67
252.47
252.25
252.08
252
251.91
251.85
251.77
251.75
251.73
251.7
251.65
251.56
252.46
256.08
256.56
256.47
256.23
255.92
255.63
255.3
254.97
254.6
254.24
253.88
253.56
253.2
252.88
252.73
252.62
252.52
252.4
252.3
252.21
252.1
251.98
251.88
251.75
251.76
251.73
251.76
251.76
251.84
251.83
251.77
251.75
251.72
251.69
251.71
251.76
251.69
251.65
251.6
251.56
251.55
251.53
251.52
251.53
251.48
251.45
251.44
251.33
251.26
251.2
251.18
251.13
251.05
251.06
251.01
250.96
250.91
250.9
251.37
251.44
251.44
251.39
251.38
251.35
251.41
251.4
251.4
251.5
251.54
251.53
251.58
251.57
251.5
251.46
251.44
251.75
251.78
251.6
251.75
251.78
251.79
251.76
251.73
251.7
251.66
251.71
251.83
251.84
251.98
252.29
252.23
252.12
252
251.88
251.85
251.85
251.87
251.84
251.81
251.76
251.72
251.68
251.65
251.61
251.57
251.51
251.47
251.42
251.4
251.35
251.34
251.48
251.47
251.44
251.4
251.53
251.56
251.52
251.55
251.47
251.49
251.39
251.35
251.33
251.29
251.24
251.22
251.19
251.15
251.11
251.03
251.72
251.93
251.92
251.9
251.88
251.85
251.84
251.81
251.79
251.75
251.76
251.67
251.6
251.57
251.57
251.51
251.48
251.57
251.54
251.51
251.5
251.93
252.02
252.02
252.04
251.99
251.95
251.97
251.92
251.89
251.82
251.79
251.76
251.72
251.68
251.71
251.66
251.61
251.63
251.59
251.55
251.52
251.5
251.5
251.52
251.52
251.5
251.48
251.47
251.47
251.47
251.42
251.36
251.35
251.44
251.37
251.36
251.33
251.32
251.32
251.26
251.4
251.4
252.01
252.29
252.4
252.46
252.51
252.48
252.39
252.34
252.15
251.97
251.98
251.84
251.83
251.89
252
252.08
252.08
252.11
252.1
252.08
252.08
252.04
251.99
251.94
251.91
251.86
251.88
251.93
253.19
253.92
254.07
254.14
254.16
254.39
254.35
254.04
253.65
253.38
253.16
253.02
252.71
252.43
252.16
251.9
251.88
251.87
251.88
252.43
252.92
253.1
253.09
252.85
252.5
252.3
252
251.87
251.86
251.83
251.92
252.25
252.49
252.54
252.43
252.01
252.01
251.92
251.86
251.8
251.88
251.81
251.82
251.85
251.83
251.84
251.82
251.91
252.16
252.18
252.09
251.92
252.12
251.83
251.72
251.72
251.81
251.76
251.64
251.65
251.67
251.76
251.86
251.9
251.97
251.96
251.89
252.08
252.48
252.72
252.56
252.85
253.4
253.24
252.96
252.59
252.18
252.01
251.84
251.77
251.76
251.77
251.76
251.77
251.67
251.7
251.93
252.13
252.21
252.24
252.09
252.01
251.92
251.93
251.92
251.81
251.81
251.8
251.76
251.71
251.77
251.81
251.78
251.78
251.83
251.84
251.93
251.98
251.93
251.85
251.8
251.86
251.85
251.87
251.89
251.9
251.96
252.44
252.88
252.74
252.42
252.15
252.07
251.99
251.88
251.87
251.83
251.88
252.13
252.23
252.25
252.18
252.11
252.02
251.96
251.91
251.87
251.86
251.85
251.85
251.82
251.76
251.73
251.69
251.68
251.66
251.65
251.6
251.64
251.58
251.56
251.5
251.47
251.42
251.44
251.43
251.38
251.35
251.31
251.27
251.28
251.43
251.51
251.5
251.49
251.45
251.42
251.45
251.42
251.39
251.39
251.37
251.31
251.27
251.26
251.14
251.22
251.46
251.42
251.4
251.35
251.28
251.23
251.15
251.17
251.35
251.34
251.3
251.22
251.27
251.27
251.31
251.3
251.3
251.32
251.26
251.24
251.2
251.17
251.15
251.04
251.11
251.02
250.95
250.88
250.84
250.8
250.83
250.79
250.81
250.75
250.95
250.92
250.88
250.85
250.81
250.76
250.75
250.74
250.68
250.62
250.53
250.48
250.44
250.4
250.49
250.45
250.39
250.31
250.24
250.29
250.28
250.24
250.18
250.13
250.08
250.04
249.97
249.99
249.93
249.88
249.82
249.75
249.68
249.67
249.62
249.56
249.49
249.45
249.39
249.54
249.51
249.47
249.44
249.4
249.36
249.33
249.28
249.23
249.22
249.24
249.2
249.18
249.14
249.07
249.01
248.97
248.92
248.87
248.82
248.77
248.73
248.68
248.6
248.54
248.66
248.73
248.73
248.73
248.86
248.94
248.92
249.17
250.38
251.17
251.38
251.44
251.47
251.46
251.46
251.45
251.43
251.4
251.39
251.37
251.32
251.3
251.27
251.22
251.15
251.12
251.08
251.06
251.01
250.98
250.97
250.92
250.91
251
251.03
251.04
250.99
251
251.38
251.76
251.9
251.96
251.98
252.21
252.26
252.69
253.69
253.96
253.8
253.38
252.95
252.47
251.98
251.78
251.69
252.36
253.06
252.89
252.62
252.26
251.91
251.75
251.75
251.74
251.74
251.72
251.86
252.16
252.42
252.3
252.11
251.94
251.76
251.64
251.61
251.58
251.58
251.57
251.58
251.59
251.6
251.62
251.62
251.91
252.41
252.57
252.64
252.51
252.84
255.62
258.44
258.94
259.09
259.19
259.08
258.98
260.13
261.11
261.21
260.75
260.23
259.6
258.95
258.32
257.8
257.24
256.67
256.19
255.63
255.08
254.52
254
253.54
253.16
252.78
252.37
251.92
251.64
251.64
251.8
251.78
251.74
251.77
251.83
252.15
252.36
252.28
252.09
251.87
251.77
251.68
252.02
252.76
252.93
252.77
252.58
252.34
252.09
251.81
251.66
251.66
251.65
251.61
251.62
252.81
253.4
253.3
253.02
252.65
252.27
251.92
251.93
252.58
253.33
253.16
252.85
252.48
252.1
251.88
251.95
251.9
251.86
251.83
251.79
251.75
251.7
251.67
251.67
251.65
251.66
251.72
252.35
253.2
253.27
253.15
253
252.83
252.71
252.53
252.31
252.13
251.88
251.86
251.81
251.84
252.19
252.18
251.84
251.72
251.78
252
251.99
252.01
251.94
251.86
251.89
251.84
251.86
251.79
251.72
251.89
251.91
251.9
251.9
251.9
251.89
251.87
251.85
251.8
251.77
251.86
251.91
251.9
251.89
251.87
251.84
251.9
251.92
251.83
251.76
251.69
251.91
252.11
252.28
252.99
253.27
253.14
252.94
252.67
252.5
252.38
252.28
252.27
252.02
251.86
251.74
251.65
251.56
251.49
251.63
251.7
251.7
251.7
251.68
251.65
251.63
251.64
251.81
251.96
252
251.97
251.9
251.88
252.01
252.58
252.67
252.76
252.55
252.24
252.08
252.02
251.97
251.86
251.83
251.82
251.84
251.87
251.81
251.78
251.76
251.74
251.71
251.76
251.88
251.88
251.88
251.84
252.07
252.03
252.04
251.91
251.97
252.56
252.73
252.7
252.57
252.31
252.05
252.08
251.92
251.83
251.8
251.94
251.92
251.95
252.31
253
252.86
252.49
252.18
251.91
251.84
251.8
251.75
251.72
251.7
251.63
251.61
251.56
251.52
251.71
251.85
251.91
251.91
251.85
251.9
251.91
251.88
251.85
251.8
251.76
251.71
251.71
251.68
251.66
251.62
251.57
251.5
251.51
251.51
251.45
251.44
251.41
251.34
251.31
251.27
251.23
251.17
251.13
251.09
251.03
250.96
250.95
251.02
250.99
250.95
250.92
250.9
250.84
250.79
250.75
250.7
250.66
250.61
250.58
250.52
250.45
250.42
250.36
250.37
250.94
251.24
251.34
251.36
251.4
251.41
251.36
251.37
251.33
251.36
252.04
252.26
252.21
252.04
251.89
251.79
251.71
251.67
251.68
254.54
258.42
258.73
258.84
258.9
258.93
258.93
258.93
258.93
258.92
258.92
258.92
258.89
258.61
258.09
257.57
257.08
256.56
256.03
255.52
255
254.44
253.89
253.39
253.11
252.9
252.69
252.55
252.44
252.34
252.23
252.12
252.07
251.98
251.94
251.93
251.92
251.92
251.91
251.9
251.89
251.86
251.84
251.8
251.78
251.75
251.71
251.71
251.72
251.66
251.64
251.58
251.62
251.6
251.61
251.57
251.54
251.54
251.55
251.66
251.62
251.7
251.61
251.58
251.57
251.56
251.56
251.53
251.55
251.5
251.48
251.46
251.5
251.49
251.47
251.49
251.44
251.44
251.42
251.42
251.43
251.41
251.42
251.4
251.36
251.42
251.68
251.83
251.94
251.93
251.88
251.96
251.89
251.82
251.77
251.76
251.83
251.86
251.89
251.88
251.85
251.82
251.78
251.73
251.73
251.82
251.95
252.48
252.78
252.72
252.6
252.43
252.23
252.03
251.83
251.77
251.74
251.75
251.76
251.69
251.72
251.69
251.71
251.72
251.78
251.78
251.83
251.91
251.85
251.82
251.87
251.88
251.85
251.86
251.86
251.84
251.83
251.84
251.82
251.8
251.88
251.78
251.74
251.74
251.79
251.91
251.93
251.93
251.9
251.9
251.84
251.9
251.88
251.88
251.84
251.81
251.85
252.06
251.91
251.86
251.81
251.89
251.88
251.85
251.87
251.87
251.83
251.82
251.82
251.8
251.8
251.85
251.82
251.78
251.97
252.12
252.12
252.13
252.19
252.24
252.31
252.28
252.3
252.23
252.16
252.08
252.03
251.91
251.92
251.86
251.81
251.82
251.73
251.74
251.72
251.73
251.71
251.76
253.1
259.21
260.85
261.03
261.14
261.12
261.02
260.81
260.43
259.9
259.31
259.23
258.71
258.05
257.33
256.65
255.94
255.39
255
254.59
254.1
253.53
252.93
252.37
252.04
251.95
251.88
251.86
251.83
252
252.54
253.64
253.98
253.76
253.48
253.17
252.81
252.45
252.18
252.05
251.94
251.79
252
252.22
252.1
251.98
251.85
251.75
251.68
251.64
251.62
251.6
251.57
251.63
251.74
251.74
251.82
253.66
254.25
253.94
253.51
253.23
252.9
252.45
251.98
251.77
251.875
251.69
251.72
251.69
251.7
251.74
252
251.98
251.95
251.93
251.88
251.82
251.76
251.72
251.68
251.68
251.65
251.61
251.56
251.57
251.55
251.52
251.49
251.43
251.42
251.37
251.3
251.24
251.21
251.31
251.3
251.25
251.21
251.16
251.12
251.09
251.02
250.98
250.86
250.87
250.83
250.8
250.76
250.76
251.14
251.33
251.32
251.3
251.33
251.3
251.38
251.34
251.31
251.28
251.23
251.18
251.16
251.11
251.04
251
250.95
250.91
250.85
250.79
250.81
250.8
250.8
250.77
250.68
250.73
250.69
250.65
250.59
250.53
250.47
250.49
250.45
250.43
250.41
250.37
250.34
250.3
250.27
250.22
250.22
250.16
250.11
250.08
250.03
250.01
249.95
249.91
249.83
249.76
249.69
249.725
249.56
249.53
249.48
249.42
249.36
249.29
249.33
249.28
249.31
249.27
249.25
249.17
249.13
249.13
249.07
249.03
248.99
248.95
248.92
248.86
249.08
249.04
249.07
249.055
248.89
248.9
249.03
248.97
248.95
248.92
248.9
248.87
248.84
248.81
248.77
248.76
248.72
248.74
248.69
248.66
248.62
248.71
248.69
248.66
248.66
248.64
248.6
248.61
248.59
248.58
248.59
248.55
248.54
248.54
248.52
248.49
248.46
248.45
248.43
248.41
248.41
248.39
248.37
248.4
248.38
248.35
248.48
248.61
248.65
248.66
248.68
248.64
248.64
248.62
248.6
248.58
248.58
248.57
248.58
248.57
248.54
248.58
248.53
248.53
248.48
248.5
248.42
248.4
248.37
248.34
248.37
248.3
248.28
248.28
248.23
248.21
248.16
248.16
248.14
248.12
248.09
248.16
248.22
248.18
248.17
248.16
248.26
248.2
248.21
248.2
248.22
248.21
248.49
248.62
248.63
248.63
248.64
248.79
249.38
249.63
249.66
249.74
249.82
249.78
249.98
250.08
250.15
250.25
250.26
250.29
250.34
250.38
250.42
250.48
250.51
250.55
250.63
250.61
250.53
250.62
250.64
250.65
250.67
250.68
250.65
250.72
250.71
250.68
250.72
250.8
250.97
250.94
250.92
250.9
250.96
251.03
251.12
251.15
251.15
251.16
251.38
251.55
251.74
251.69
251.79
251.87
251.85
251.93
252.2
252.56
252.74
252.65
252.74
253.2
253.34
253.18
252.89
252.67
252.63
252.43
252.31
252.19
252.13
252.17
252.07
252.05
252.22
252.32
252.39
252.31
252.23
252.11
252.03
251.92
252.25
254.87
254.95
254.64
254.17
253.63
253.25
252.97
252.88
252.98
253.14
253.22
253.26
253.18
252.95
252.73
252.58
252.43
252.3
252.24
252.18
252.17
252.08
252.01
251.93
251.94
251.94
251.91
251.87
251.82
251.77
251.77
252.34
253.09
254.28
254.73
254.74
254.68
254.32
253.85
253.49
253.39
253.38
253.4
253.67
253.64
253.32
253
252.71
252.4
252.6
251.85
251.77
251.73
251.72
251.67
251.71
251.82
251.88
251.89
251.89
251.86
251.81
251.78
251.78
251.71
251.63
251.57
251.53
251.48
251.45
251.41
251.47
251.52
251.53
251.51
251.46
251.41
251.38
251.31
251.26
251.22
251.2
251.21
251.13
251.09
251.04
250.98
250.95
250.88
250.84
250.78
250.74
250.62
250.63
250.57
250.5
250.43
250.5
250.42
250.4
250.48
250.5
250.44
250.44
250.42
250.52
250.54
250.57
250.84
251.44
251.66
251.71
251.74
251.72
251.73
251.79
251.78
251.76
251.83
251.88
251.87
251.87
251.84
251.8
251.78
251.94
252.05
252.12
252.18
252.13
252.08
252.06
252.03
252.02
251.9
251.86
251.85
251.78
251.83
251.84
251.82
251.78
251.75
251.73
251.69
251.66
251.6
251.58
251.6
251.74
251.87
251.91
252.22
252.62
256.18
258.69
258.86
258.9
258.95
258.96
258.97
258.97
258.93
258.83
258.62
258.18
257.61
256.94
256.23
255.49
254.75
254.11
253.71
253.39
253.06
252.7
252.62
252.64
253.54
254.54
254.66
254.68
254.46
253.95
253.37
252.78
253.075
252.28
252.05
251.87
251.84
251.83
251.8
252.1
253.04
253.31
253.1
252.66
252.33
252.14
252.11
252.07
252.02
252.74
253.17
253.05
252.81
252.63
252.64
252.55
253.14
257.89
258.83
259.69
260.4
260.57
260.61
260.29
259.83
259.32
258.9
258.57
258.51
258.46
258.08
257.66
257.07
256.47
255.92
255.3
254.8
254.16
253.68
253.2
252.8
252.57
252.42
252.6
253.12
253.35
253.49
253.68
254.35
255.98
256.73
256.78
256.48
256.35
256.4
256.84
256.47
255.99
255.42
254.82
254.2
253.84
254.06
254.79
254.74
254.44
254.06
253.67
253.25
253.24
253.34
253.21
252.9
252.56
252.18
251.79
251.7
251.75
252.53
252.96
252.73
252.4
252.18
252.11
252
252.36
252.33
252.07
251.76
252.11
252.31
252.05
251.73
251.58
251.77
251.72
251.76
251.79
251.79
251.79
251.8
251.8
251.8
251.78
251.79
251.73
251.72
251.72
251.72
251.83
251.86
251.87
251.95
252.1
253.35
253.66
253.71
253.84
254.44
256.21
258.16
258.19
257.84
257.45
257.02
256.98
257.28
257.43
257.94
257.62
257.18
256.67
256.2
255.64
255.15
254.65
254.18
253.71
253.21
253.5
252.75
252.5
252.34
252.17
252.02
252.39
252.75
252.45
252.06
251.93
251.9
251.83
251.78
251.75
251.71
251.75
251.65
251.71
251.71
251.69
251.76
251.85
251.91
252.13
252.9
252.86
252.58
252.7
255.57
257.26
257.5
257.11
256.64
256.24
256.38
256.83
256.4
255.87
255.3
254.71
254.12
253.72
253.36
252.97
252.54
252.21
252.04
251.95
251.86
251.82
251.79
251.72
251.65
251.57
251.51
251.54
251.55
251.55
251.61
251.56
251.55
251.54
251.54
251.52
251.48
251.47
251.46
251.44
251.42
251.43
251.34
251.38
251.35
251.31
251.25
251.23
251.21
251.21
251.18
251.16
251.1
251.12
251.11
251.21
251.66
251.84
251.96
252.04
252.12
252.2
252.21
252.13
252.07
252.01
251.98
252.63
252.84
252.8
252.65
252.49
252.3
252.15
251.98
251.83
251.78
251.71
251.67
251.6
251.58
251.5
251.51
251.48
251.44
251.6
251.58
251.56
251.52
251.45
251.45
251.42
251.37
251.32
251.27
251.27
251.19
251.18
251.12
251.07
251.07
251.32
251.4
251.39
251.36
251.33
251.29
251.24
251.19
251.23
251.2
251.21
251.13
251.11
251.16
251.25
251.23
251.25
251.22
251.15
251.11
251.07
251.11
251.14
251.1
251.12
251.14
251.11
251.1
251.05
250.97
250.98
251.27
251.43
251.41
251.38
251.37
251.34
251.28
251.26
251.21
251.19
251.16
251.11
251.06
251.17
251.08
251.04
250.99
250.95
250.93
250.9
250.86
250.79
250.76
250.74
250.7
250.66
249.57
250.111
250.49
250.45
250.4
250.36
250.32
250.26
250.24
250.18
250.13
250.07
250.03
249.99
249.95
249.91
249.82
249.78
249.7
249.68
249.66
249.59
249.56
249.53
249.49
249.5
249.47
249.43
249.47
249.44
249.38
249.34
249.58
249.54
249.57
249.54
249.5
249.48
249.4
249.44
249.39
249.38
249.38
249.59
249.41
249.4
249.37
249.36
249.32
249.28
249.27
249.25
249.22
249.18
249.16
249.26
249.23
249.26
249.32
249.3
249.28
249.28
249.25
249.24
249.21
249.21
249.27
249.36
249.39
249.38
249.46
249.42
249.39
249.41
249.58
249.64
249.64
249.64
249.65
249.66
249.65
249.67
249.63
249.64
249.69
249.68
249.96
250.4
250.62
250.69
250.85
250.88
250.88
250.93
250.93
250.94
250.99
250.98
250.99
251
250.99
251.01
250.95
251.02
251.03
251.01
251.02
251.21
252.18
252.36
252.37
252.18
251.99
251.78
251.7
251.67
251.78
251.88
252.18
252.3
252.19
252.04
252
251.91
251.81
251.76
251.75
251.74
251.7
252.76
253.24
253.27
252.97
252.54
252.12
251.96
252.04
252.04
251.98
251.92
251.95
253.7
257.09
257.52
257.68
257.77
257.98
258.04
257.96
257.84
257.5
257.16
256.75
256.31
255.94
255.57
255.15
254.71
254.26
253.84
253.45
253.05
252.57
252.33
252.2
252
251.85
251.8
251.8
251.76
251.82
251.76
251.7
251.71
251.73
251.73
251.74
251.77
251.75
251.76
251.75
251.74
251.72
251.75
251.84
251.78
251.78
251.83
251.86
252.74
253.03
252.96
252.85
252.73
252.52
252.36
252.18
252.11
252.02
251.91
251.87
251.82
251.8
251.75
251.93
251.85
251.84
251.74
252.25
252.52
252.44
252.3
252.14
252.15
252.08
252.06
252
251.85
251.75
251.76
251.71
251.82
251.89
251.8
251.67
252.59
253.09
253.01
252.87
252.64
252.34
252.27
252.04
251.94
251.85
251.74
251.7
251.71
251.7
251.67
251.66
251.65
251.62
251.62
251.84
252.64
255.02
256.62
256.76
256.55
256.23
255.77
255.34
255.09
254.86
254.6
254.14
253.58
253.03
252.59
252.34
252.19
252.07
251.89
251.79
251.73
251.72
252.05
252.66
252.51
252.29
252.18
252.19
252.29
252.11
251.92
251.86
251.74
251.68
251.67
251.64
251.63
251.62
251.61
251.6
251.56
251.58
251.6
251.58
251.56
251.52
251.52
251.5
251.46
251.44
251.42
251.47
251.48
251.43
251.44
251.36
251.28
251.26
251.26
251.16
251.17
251.13
251.11
251.05
251.02
251.04
250.96
250.94
250.89
250.92
250.99
250.92
250.92
250.86
250.84
251
251.58
251.6
251.76
251.8
251.85
251.86
251.84
251.77
251.71
251.68
251.81
252.54
252.64
252.63
252.53
252.49
252.45
252.25
251.96
251.77
251.66
251.63
251.58
251.57
251.51
251.51
251.47
251.68
251.99
251.93
251.89
251.81
251.75
251.7
251.66
251.64
251.61
251.59
251.56
251.53
251.5
251.45
251.41
251.71
252.43
252.59
252.59
252.49
252.33
252.16
252.02
252.07
252.1
252.03
251.9
251.81
251.96
251.93
251.82
251.7
251.6
251.53
251.53
251.51
251.5
251.47
251.56
251.96
252.99
253.04
252.87
252.65
252.61
252.53
252.42
252.26
252.1
251.92
251.83
251.8
251.78
251.8
251.73
251.7
251.67
251.63
251.78
251.78
251.94
251.85
251.83
251.78
251.75
251.73
251.71
251.68
251.65
251.64
251.66
253.36
255.19
255.46
255.68
255.64
255.35
254.83
254.3
253.77
253.26
252.71
252.38
252.18
252.01
251.95
251.88
251.82
251.76
252.57
252.87
252.64
252.34
252.1
252.34
252.39
252.44
252.33
252.2
252.05
251.94
251.84
251.76
252.56
253.51
254.23
254.77
254.56
254.2
254.04
253.94
253.59
253.33
254.09
256.29
256.44
256.4
256.05
255.52
255.04
254.86
254.86
254.79
255.01
256.72
257.13
256.99
256.68
256.58
256.59
256.52
256.4
256.07
255.65
255.21
254.74
254.35
253.94
253.5
253.06
252.59
252.22
251.93
251.79
251.73
251.64
251.63
251.86
251.92
252.17
252.3
252.38
253.19
253.97
254.05
253.8
253.39
253.21
253.21
253.69
253.8
253.56
253.15
253.16
253.92
255.06
256.16
256.87
258.33
258.69
259.28
260.14
260.48
260.64
260.85
260.9
260.75
260.44
260.14
260.05
259.75
259.33
258.91
258.39
257.86
257.22
256.59
255.94
255.31
254.62
253.96
253.39
252.94
252.56
252.15
251.78
251.65
251.56
251.54
251.83
251.92
251.91
251.81
251.67
251.56
251.54
251.76
252.06
252.32
252.44
252.38
252.38
252.55
252.35
252.1
251.87
251.66
251.58
251.54
251.48
251.54
251.81
252.18
252.16
252.06
252.05
251.97
251.82
251.71
251.62
251.56
251.5
251.58
251.5
251.49
251.52
251.58
251.59
251.6
251.61
251.62
251.63
251.55
251.53
251.55
251.64
251.71
251.61
251.61
251.61
251.52
251.61
251.58
251.57
251.54
251.52
251.5
251.49
251.47
251.45
251.42
251.39
251.36
251.35
251.33
251.36
251.31
251.29
251.27
251.18
251.27
251.22
251.19
251.16
251.22
251.56
251.71
251.75
251.75
251.78
251.73
251.72
251.93
252.08
252.07
252.01
251.92
251.84
251.8
251.72
251.65
251.61
251.62
251.6
251.7
251.71
251.68
251.67
251.67
251.66
251.64
251.61
251.58
251.54
251.62
251.62
251.6
251.56
251.52
251.48
252.05
252.56
252.61
252.51
252.31
252.07
251.86
251.76
251.78
251.72
251.73
251.93
251.95
251.84
251.75
251.71
251.67
251.64
251.62
251.63
251.61
251.57
251.53
251.47
251.47
251.41
251.37
251.32
251.29
251.29
251.42
251.42
251.39
251.41
251.4
251.38
251.34
251.41
251.44
251.42
251.4
251.39
251.36
251.4
251.38
251.36
251.35
251.3
251.26
251.23
251.2
251.18
251.12
251.09
251
251.05
250.96
250.91
250.87
250.82
250.8
250.75
250.71
250.86
250.82
250.76
250.74
250.71
250.66
250.64
250.63
250.57
250.54
250.5
250.44
250.42
250.48
250.57
250.54
250.51
250.46
250.42
250.38
250.34
250.33
250.3
250.27
250.22
250.24
250.19
250.15
250.14
250.09
250.38
250.38
250.31
250.31
250.27
250.24
250.19
250.21
250.16
250.11
250.07
250.02
249.98
249.97
249.93
249.87
250.08
250.11
250.11
250.06
250.14
250.14
250.13
250.1
250.06
250.03
249.99
249.96
249.96
249.96
249.86
249.83
249.8
249.78
249.76
249.74
249.7
249.67
249.64
249.62
249.64
249.55
249.52
249.49
249.5
249.5
249.46
249.45
249.43
249.39
249.38
249.32
249.31
249.28
249.26
249.23
249.23
249.18
249.26
249.14
249.12
249.1
249.1
249.11
249.08
249.06
249.04
249.03
249.03
249
249.01
249.08
249.08
249.14
249.14
249.09
249.08
249.09
249.06
249.05
249.01
249.03
249.03
249.01
248.99
249.06
250.87
251.25
251.36
251.39
251.38
251.38
251.41
251.54
251.56
251.58
251.62
251.63
251.61
251.91
252.21
252.21
252.03
251.97
252
251.91
251.87
251.8
251.79
251.72
251.7
251.69
251.76
251.67
251.66
251.66
251.67
251.64
251.73
251.71
251.69
251.82
251.87
251.94
251.93
251.86
251.83
251.78
251.7
251.64
251.64
251.59
251.71
251.67
251.61
251.6
251.6
251.63
251.76
251.95
251.88
251.8
251.71
251.72
251.7
251.65
251.69
251.68
251.68
251.69
251.68
252.18
252.53
252.48
253.06
253.27
253.12
252.85
252.6
253.4
253.67
253.45
253.1
252.67
252.35
252.2
252.15
252.13
251.97
251.78
251.68
251.6
251.51
251.78
251.91
251.83
251.79
251.69
251.66
251.69
251.74
251.8
251.84
251.76
251.72
251.74
251.72
251.72
251.68
251.69
251.64
251.95
252.22
252.15
252.05
251.99
251.92
251.86
251.78
251.78
251.72
251.67
251.62
251.63
251.64
251.65
251.62
251.62
251.61
251.61
251.64
251.56
251.52
251.5
251.46
251.43
251.4
251.41
251.4
251.5
251.46
251.42
251.4
251.37
251.36
251.34
251.49
252.27
252.28
252.11
252.73
253.05
252.84
252.54
252.19
251.91
251.81
251.74
251.69
251.64
251.6
251.55
251.54
251.53
251.48
251.4
251.4
251.39
251.34
251.31
251.28
251.29
251.22
251.17
251.12
251.08
251.03
251.03
250.98
250.93
250.86
250.87
250.83
250.83
250.77
250.74
250.71
250.66
250.59
250.54
250.58
250.54
250.56
250.82
251.11
251.12
251.1
251.12
251.11
251.14
251.18
251.12
251.12
251.08
251.05
251.16
251.15
251.11
251.08
251.07
251.06
251.06
251.05
251.02
251.02
251.11
251.11
251.12
251.09
251.07
251.06
250.97
250.96
250.91
250.87
250.83
250.78
250.75
250.71
250.66
250.63
250.6
250.55
250.51
250.47
250.45
250.44
250.43
250.39
250.38
250.35
250.32
250.36
250.3
250.27
250.18
250.19
250.13
250.07
250.02
249.95
249.91
249.98
250.02
250.08
250.01
250.03
250.05
250.09
250.09
250.05
250
249.95
249.9
249.87
249.82
249.77
249.74
249.75
249.64
249.57
249.53
249.53
249.5
249.42
249.34
249.66
250.01
250.09
250.05
250.02
249.98
249.95
249.92
249.88
249.84
249.81
249.77
249.71
249.7
249.66
249.63
249.61
249.59
249.61
249.57
249.51
249.49
249.46
249.44
249.4
249.35
249.35
249.3
249.27
249.22
249.19
249.18
249.18
249.16
249.11
249.07
249.03
249.02
248.99
248.95
248.9
248.89
248.96
248.96
248.93
248.88
248.86
248.91
248.85
248.8
248.79
248.75
248.72
248.69
248.67
248.64
248.89
248.93
249.39
249.59
249.61
249.79
249.84
249.88
249.91
249.89
249.91
249.93
249.97
249.98
249.99
249.99
249.99
249.98
249.97
249.99
250.55
251.02
251.11
251.14
251.18
251.18
251.19
251.53
252.02
252.1
252.15
252.17
252.14
252.06
251.99
251.91
251.91
