
918
494
185
123
765
192
242
571
238
179
288
398
159
272
379
280
4568
4323
1536
842
1561
2939
1908
456
12758
4800
1684
1424
904
1793
754
901
1265
3237
3926
9571
18960
4268
1739
1827
2207
882
609
1148
683
1141
534
835
335
387
487
455
1036
1049
1095
1121
476
1062
358
590
619
616
262
440
123
383
292
234
356
807
1010
2030
2023
1829
644
753
588
265
250
61
621
541
96
98
719
102
409
5432
3195
882
659
348
406
403
210
169
154
325
643
116
187
204
36
254
88
257
233
237
37
201
111
139
64
320
252
356
29
22
211
38
60
197
357
40
131
301
380
303
321
200
17
11
192
240
58
115
4030
4800
1621
485
167
835
6264
3387
1192
510
362
1701
5444
1475
550
468
477
423
199
146
49
86
110
48
162
137
368
350
88
42
1636
705
34
26
24
24
83
56
9
113
43
225
269
356
187
268
117
157
152
89
20
84
156
220
55
71
74
1237
449
77
288
589
299
480
301
179
132
5
54
9
228
558
12
405
6
123
110
131
1
54
588
634
52
63
65
60
123
119
173
176
3
115
95
267
534
65
124
118
223
578
64
18
119
65
66
124
121
166
117
9
154
140
248
108
8
29
344
37
36
128
25
306
102
59
87
92
153
343
197
100
136
3
656
607
253
947
5326
907
38
283
199
82
2
58
105
50
5
62
64
47
768
202
2
106
9
36
27
104
54
114
115
52
262
426
262
12
54
9
122
10
11
535
205
90
240
45
31
11
44
17
17
10
34
254
7
84
111
6
7
61
209
270
53
208
66
94
1
268
528
203
1
56
133
497
322
14
87
10
193
350
17
132
120
490
264
204
209
58
73
299
171
54
193
248
265
215
17
112
157
160
204
209
108
118
121
116
392
168
33
300
164
27
123
106
21
265
8
63
117
208
136
125
33
217
632
30
63
107
168
24
14
602
275
263
2143
923
434
383
483
46
118
107
111
511
333
37
73
429
73
80
54
36
16
69
429
221
2
744
162
369
281
309
147
1009
468
167
440
1155
1120
522
409
177
227
472
232
421
63
54
312
19
344
1327
508
563
796
859
455
2882
3592
1397
690
91
490
1087
111
281
284
618
548
967
356
497
296
502
2141
551
427
232
568
238
357
223
222
100
431
759
237
1289
36
237
98
228
1883
95
299
430
230
164
106
32
167
160
1017
760
496
227
501
37
98
34
90
283
185
232
721
2725
1474
403
161
182
22
82
213
209
25
58
169
118
26
343
415
477
33
17
267
211
43
274
41
208
22
139
143
45
269
208
106
621
125
145
32
135
147
148
476
284
67
618
576
64
52
82
12
302
182
118
7
112
29
224
82
209
235
339
192
148
208
59
160
161
135
19
241
50
320
93
376
32
4
106
10
240
279
445
372
80
139
207
114
195
269
44
188
270
202
18
203
79
88
85
4
38
118
62
71
126
223
716
1226
110
24
40
90
156
11
84
424
39
130
111
96
8
132
514
536
207
89
104
77
349
31
107
224
38
229
58
29
158
4
72
42
57
97
246
33
13
17
197
2
324
1232
78
33
29
21
62
153
61
200
329
508
22
286
80
14
69
2621
243
156
110
21
57
11
75
66
65
54
65
387
165
253
185
24
153
61
331
47
21
99
113
246
1383
551
161
146
65
64
106
68
1046
123
183
154
7
100
4
18
62
334
367
157
119
114
422
660
969
359
399
157
918
78
251
123
265
489
208
313
70
75
149
72
7
267
78
494
168
313
9
25
62
14
455
22
166
411
121
110
219
113
169
939
347
27
22
114
159
123
18
206
268
159
74
312
74
309
545
513
25
73
70
352
173
121
686
374
507
384
613
1371
184
241
498
281
435
395
176
2744
2161
752
239
246
230
828
67
162
188
241
179
129
352
52
240
701
1557
800
562
377
2488
7945
2133
848
780
294
137
681
201
7
56
428
46
234
111
85
85
166
73
184
41
70
73
82
93
84
38
136
407
869
147
64
42
673
582
385
115
109
221
252
65
85
1397
2835
564
189
1394
59
251
33
22
548
709
244
228
56
112
151
58
59
734
725
214
58
22
210
2
285
172
1029
245
91
38
160
57
79
68
143
101
225
347
977
159
175
80
44
84
26
395
172
221
95
72
216
266
77
121
109
195
276
35
222
183
24
13
175
77
76
663
1225
75
28
114
156
66
73
178
111
38
108
192
99
337
431
61
211
516
446
370
242
103
538
52
8
37
207
49
1283
70
256
838
298
64
109
81
112
20
218
1749
518
50
37
96
21
448
90
54
21
39
29
32
6
789
196
1236
92
910
458
147
388
22
140
34
83
49
100
300
2
1569
5878
1033
359
249
61
128
74
123
2
62
749
134
51
247
134
3
64
61
569
303
108
159
92
95
93
92
534
218
99
34
208
136
89
39
37
30
20
145
26
28
341
294
166
29
45
30
43
95
84
38
84
109
65
123
53
401
234
176
292
350
103
115
63
3
63
220
294
58
6
114
4
56
61
57
50
12
42
10
3
175
115
6
161
122
1
116
4
101
115
178
55
115
67
819
412
1
32
113
2867
1216
667
1304
107
360
369
600
498
481
70
292
127
48
123
105
360
131
8
617
128
671
3768
9269
2942
1456
962
407
139
469
590
203
148
348
106
162
894
547
499
312
98
297
96
675
3785
2278
823
810
402
1186
283
790
848
722
257
978
307
232
685
1867
1433
732
2614
2758
1308
740
499
292
127
402
824
292
530
92
143
244
1789
1322
491
212
329
368
229
767
158
448
103
18
1271
1355
1127
206
540
125
100
697
1224
548
332
813
2391
1141
1018
360
428
372
144
1653
887
295
418
239
184
155
628
1267
403
564
17
193
31
59
162
367
2057
693
211
202
168
60
36
5819
8362
2120
707
432
423
31
214
113
125
80
138
809
2514
4934
1785
784
582
842
81
7
9
22
107
47
19
151
13
402
278
211
545
12850
12046
1656
2353
1758
7
609
174
47
151
101
920
408
5
56
126
74
75
62
147
173
517
1310
4857
8015
3350
2718
2582
901
603
347
2244
3018
1760
2726
5067
2044
1212
597
150
479
360
62
99
210
152
130
64
238
60
310
126
182
92
228
479
527
1016
347
35
398
81
37
96
77
485
343
1284
326
1
10
57
136
517
263
822
966
578
130
46
98
10
21
28
77
16
1217
649
348
206
35
153
91
21
139
34
266
40
44
342
158
116
348
72
93
27
597
27
154
155
30
92
155
93
80
75
21
60
120
2
70
126
967
227
211
197
36
48
40
22
65
25
51
124
94
75
75
11
47
305
84
229
71
50
13
48
163
585
303
121
55
77
51
291
350
51
9
121
356
392
42
114
16
50
614
543
29
60
17
286
366
39
1039
614
177
160
64
116
38
163
71
71
9
220
176
143
625
531
171
184
1162
770
824
829
237
241
241
2
637
4012
2797
1048
496
437
323
7660
6015
1316
832
846
334
494
110
1605
1070
653
388
835
4352
8581
1870
1785
1632
735
964
341
406
388
688
41
653
406
401
82
318
408
142
90
229
279
167
215
472
1416
6
802
352
286
458
89
834
1015
1328
3323
3967
1642
1524
1713
1361
2164
2135
1184
664
338
697
532
423
277
277
512
501
533
787
9010
12219
4439
1927
873
1406
359
375
589
379
1340
2913
2385
1843
956
825
690
429
966
324
131
647
1383
1837
949
397
455
262
451
362
23
5417
8132
2145
820
641
585
257
630
3114
1951
982
912
1840
1414
904
670
562
312
2266
2194
800
593
723
1515
1906
707
450
320
172
313
225
176
99
220
183
119
8
244
6046
26142
4887
1249
647
403
616
324
320
113
169
188
507
242
184
370
19
85
49
152
265
146
87
240
51
490
26
357
164
661
97
212
31
16
21
287
475
260
91
152
89
108
36
105
219
150
35
723
509
277
232
57
145
324
244
151
127
139
116
3071
601
159
150
96
24
539
88
163
782
406
100
457
101
274
87
36
1099
335
1161
1099
335
222
29
10
14
76
476
891
226
1030
2388
180
58
13
56
311
229
340
7
13
153
91
82
15
90
77
212
88
150
38
147
105
1058
99
28
75
972
347
90
351
345
421
465
91
34
80
153
37
23
88
87
338
4480
1457
102
40
40
28
82
14
19
71
230
403
266
24
149
208
4
733
24
53
102
2845
737
167
299
160
83
282
146
21
271
22
19
93
86
350
147
171
291
85
86
25
17
116
255
114
4
4
63
123
110
186
247
66
679
313
49
57
57
120
265
1007
111
3951
1967
846
519
442
164
21
299
60
44
576
376
307
524
844
687
151
367
80
122
383
102
65
70
212
86
488
704
8758
5426
1441
889
521
2262
1332
523
501
659
570
1161
63
246
462
125
302
159
285
3807
3454
1666
962
487
527
1518
839
1028
502
386
999
2435
1901
1262
857
209
209
596
163
198
1053
127
530
407
90
279
90
752
1845
1477
1545
74
2026
1111
60
729
1189
114
309
519
581
1019
1084
829
1175
901
793
2480
4324
4416
2259
5251
7080
2243
1422
884
576
1096
488
703
738
864
720
870
58
473
1643
1488
752
793
88
526
523
1156
1010
387
781
509
302
54
555
398
34
139
478
202
728
692
260
51
241
789
216
377
404
342
655
3423
3880
1133
408
200
540
359
98
366
143
605
1888
971
442
50
278
141
164
20
28
198
197
242
32
191
39
87
101
39
101
149
415
184
23
212
26
150
306
103
156
22
71
70
209
1114
646
100
95
77
30
346
9
21
170
44
209
75
133
564
659
1665
88
33
152
259
143
316
292
1294
95
92
334
485
170
415
98
144
294
211
36
78
1
32
424
685
378
247
200
27
27
363
70
284
170
1335
37
69
19
70
128
119
118
159
138
334
87
35
31
738
15
162
279
219
461
107
58
175
130
116
61
224
270
160
106
171
197
213
101
97
167
208
58
134
985
7
45
11
57
57
3
112
113
106
277
63
60
63
220
169
28
80
64
69
45
3
60
201
83
740
487
160
159
789
540
60
1471
6896
4849
1470
542
348
99
169
99
37
37
100
42
146
43
29
151
276
18
77
49
148
13
104
131
104
689
350
193
122
185
2534
2547
1013
542
295
1673
488
3006
7158
2446
903
302
265
25
86
536
3
4867
6070
1400
749
144
235
394
300
202
306
180
1182
2223
2346
1046
689
435
419
373
288
274
378
176
210
220
220
267
152
1958
3418
1223
639
441
4721
21502
23084
4612
1703
1276
1012
2135
12376
9826
2837
534
1428
509
405
726
1144
448
477
1192
535
455
358
371
540
573
593
438
206
419
465
1475
371
220
649
856
2542
2843
1674
932
799
864
453
2833
5393
2294
1141
939
621
530
416
218
452
420
210
531
8215
5432
1542
816
713
621
862
2568
5810
7194
1998
1071
715
618
510
1158
428
466
555
481
487
405
366
393
266
433
782
4457
6278
1638
738
524
424
754
362
72
366
62
913
233
753
2804
1410
308
690
1165
1696
484
694
123
65
736
129
426
132
154
1338
364
201
280
314
229
159
176
5
113
867
612
225
241
174
118
681
674
274
399
241
1840
1928
1971
5542
3233
1050
866
446
639
597
564
1135
455
196
454
637
384
165
1222
801
356
357
240
91
62
225
1206
1102
575
382
130
281
1254
4347
1437
1944
749
197
40
186
254
228
38
119
289
351
217
25
38
30
8
502
940
189
189
70
1665
286
1351
475
1223
4711
1978
1354
1360
753
475
1392
178
315
30
1094
647
931
3134
5313
434
231
162
76
66
33
83
2
55
277
37
123
87
1351
1038
549
377
191
831
513
262
274
85
44
110
7
14
37
88
131
256
237
218
109
144
10
245
29
14
30
168
42
60
171
219
132
597
23
73
14
45
184
131
53
132
43
132
8
119
155
49
99
275
3548
2041
790
297
413
225
151
224
88
350
4422
2149
1227
420
381
172
68
48
223
19523
30287
2777
1094
673
421
169
169
191
78
176
178
72
83
339
249
9
111
176
122
36
119
118
40
167
146
174
89
38
40
39
27
359
205
86
102
81
166
100
84
113
23
40
104
33
30
117
172
200
195
25
215
389
38
237
87
46
157
225
843
108
672
416
41
84
105
163
55
299
159
20
38
385
87
43
265
156
157
20
148
214
29
197
42
104
533
1758
1100
826
359
333
994
67
72
197
418
952
703
669
449
302
308
232
200
334
725
965
3650
2903
1168
747
428
206
229
266
461
42
297
297
274
368
19
282
215
526
144
474
662
253
44
474
210
26
201
157
12
100
205
19
33
647
474
89
135
474
902
263
162
44
147
204
507
22
162
104
48
399
1485
564
249
30
648
95
39
289
148
101
106
143
44
148
473
27
90
1340
121
149
353
787
708
850
350
777
194
190
105
242
314
442
19
87
402
288
300
35
224
48
463
8962
47070
14776
1821
1204
510
512
441
269
82
75
4923
1605
469
146
559
417
1290
1561
1220
689
206
22
68
147
315
44
266
204
1447
3952
8097
4045
1033
614
410
116
154
247
128
50
194
1795
1924
200
422
200
174
129
56
49
49
17
548
849
172
662
13089
6522
1014
235
1259
933
199
59
373
10
115
349
18
225
413
1787
234
405
466
285
223
21
79
82
164
11
78
152
228
41
6
44
147
171
125
276
200
17
796
92
152
91
137
77
33
189
20
458
292
36
21
67
166
2448
1355
97
35
357
18
661
87
17
18
118
85
90
86
212
22
75
15
78
67
373
148
211
46
311
516
20
18
135
123
167
278
70
42
70
33
12
40
30
76
227
119
50
53
78
115
124
19
249
156
160
40
125
68
44
81
88
166
438
50
391
0
98
208
7
191
154
48
49
25
37
118
1264
59
332
321
275
212
795
143
70
14
65
20
13
17
35
114
38
249
84
4
40
578
54
34
111
2
74
166
0
66
150
80
46
99
26
41
36
73
23
18
111
5
15
260
11
34
724
725
318
157
204
85
117
28
28
28
124
76
174
72
36
315
114
120
125
221
266
33
16
15
262
206
36
133
106
37
101
134
38
38
34
477
411
67
79
68
601
176
157
82
205
79
1468
751
168
114
158
833
3202
1482
269
554
553
107
1196
693
535
698
171
288
410
361
342
482
293
365
576
4
340
658
245
166
248
190
54
525
67
58
360
594
1111
62
8
15
461
538
691
317
126
187
1497
1198
1321
190
745
616
0
639
1961
2685
1656
625
1088
4119
2425
1223
575
604
1001
286
258
39
173
709
300
228
1474
1030
980
271
278
6
279
91
2957
18892
2429
1086
413
180
462
115
568
1568
2159
2216
2382
1583
558
456
322
96
85
256
207
519
20
105
92
370
307
143
71
37
11
310
3998
5289
8576
4224
2005
2054
1092
753
581
500
504
711
2437
1101
505
575
300
161
231
291
60
87
212
64
470
876
535
225
178
3
38
119
268
99
199
156
10
76
32
16
594
533
289
103
100
68
38
199
47
11
128
306
259
4
46
106
71
175
28
113
20
451
318
98
155
157
661
220
129
723
362
106
232
140
804
277
336
1755
3860
1523
486
347
50
231
537
99
45
605
471
106
162
17
86
39
1165
872
644
561
167
167
31
28
101
111
85
598
263
474
225
35
89
16
36
48
32
144
98
344
1063
981
413
2172
2769
25467
20336
1547
502
585
249
249
165
26
253
487
71
65
81
35
65
55
379
362
29
32
169
486
303
6273
7335
1435
711
96
119
54
22
99
691
26
149
210
114
12
2084
6398
1954
334
233
349
296
843
304
241
5339
4203
1401
622
727
1628
959
5502
36290
8039
7615
6504
1703
1268
412
994
613
734
701
2482
2595
724
1577
204
247
664
280
1206
269
845
184
321
544
381
2391
4696
2807
2166
1844
4875
12092
5986
2167
1273
1310
1994
5764
1581
1349
806
629
553
985
4092
7793
2212
1372
1472
1452
1236
3138
3238
1651
801
915
636
374
712
691
5470
4547
1639
982
1061
1092
795
3942
1361
644
914
4587
3867
1415
1126
865
1752
251
815
752
564
564
627
564
564
439
627
174
506
566
555
1260
741
701
1242
1702
9117
3672
2900
4410
7542
15313
17906
3084
1508
1834
1153
3014
4732
3527
6938
1810
1411
930
1272
660
1248
694
663
718
355
537
557
562
736
426
557
4002
4737
1177
570
1432
1360
1108
907
730
489
991
15
852
469
331
935
1024
871
2046
6091
1956
998
1477
23794
14326
4363
1205
1430
1011
3145
5273
983
1012
824
731
431
757
550
341
168
331
353
464
375
495
558
294
245
22
28
450
281
218
594
96
148
155
188
38
87
110
108
52
62
240
392
423
13
66
193
70
57
184
22
42
193
306
101
801
2958
1294
922
680
695
672
451
117
276
163
206
4702
1979
1060
614
551
368
489
109
12
228
98
2
200
106
285
248
24
74
1183
37
41
72
260
179
1
140
129
135
172
315
108
193
135
167
1748
666
98
17
7
71
143
128
422
7
242
338
38
476
726
40
302
28
259
72
88
429
352
72
288
304
26
99
147
308
237
1980
1162
44
29
106
17
195
40
143
45
37
129
148
853
401
88
133
72
54
9
57
238
4
48
66
66
341
99
28
27
110
28
25
144
82
142
77
152
24
30
15
12
284
13
231
78
61
205
6
6
24
223
6
46
382
0
169
51
1467
47
323
5
50
51
271
383
116
114
154
1274
860
68
24
76
81
87
78
21
25
80
8
642
29
294
438
18
22
136
37
77
29
130
447
621
277
86
551
83
51
229
1058
458
125
110
186
187
72
240
104
193
405
69
1650
2683
1422
539
1067
311
124
416
121
188
416
73
173
175
69
241
242
549
188
9
183
1307
6261
1318
845
360
373
308
381
96
984
923
2236
1689
867
250
607
298
229
270
240
236
25
7140
3464
1107
413
359
407
989
400
884
837
738
673
12045
25352
3680
1478
1163
3059
3566
3336
3038
1229
1233
721
614
1039
1181
907
822
794
1030
1261
1221
753
1069
701
226
608
697
531
340
804
19
11
343
342
222
275
415
92
268
152
159
63
339
729
212
153
473
347
5936
3025
1239
978
900
311
638
207
498
87
113
328
285
379
26
1330
317
108
459
3456
2656
809
414
34
887
363
977
944
394
248
517
3
1002
1016
311
234
6240
273
1235
855
593
362
1504
244
482
65
71
121
241
111
16
126
135
3
174
1546
5409
16762
12855
3355
1617
1102
582
831
2014
2132
1498
597
230
319
380
397
311
494
151
165
65
233
2379
5228
796
320
1040
1844
2774
1748
1154
1132
759
393
248
106
157
136
126
126
71
304
308
69
69
49
172
56
54
53
52
500
270
130
246
330
310
59
187
422
248
73
61
184
7
310
304
67
109
369
598
237
173
138
74
1142
3820
320
1196
447
511
253
296
104
168
146
997
4932
783
716
456
767
1052
451
272
358
285
242
136
120
205
179
81
1496
434
280
187
101
14
47
47
75
11
75
7
7
4
120
54
2071
4850
1254
194
187
198
142
326
1585
1451
790
500
691
2170
1052
446
246
343
7
172
54
110
8
723
2663
6978
1619
877
567
1481
928
728
405
402
304
401
192
181
428
11
303
224
51
1199
245
1253
40
555
288
299
279
207
159
144
208
327
11433
13146
2172
1793
96
136
128
128
199
373
160
462
100
97
729
478
316
316
5970
357
1128
646
549
3188
1931
1937
877
743
608
680
511
634
5791
6631
6494
6972
2150
1102
2521
2667
1215
1177
7310
18273
3254
1786
622
421
830
1695
1695
1587
3680
15075
5369
1819
1238
1284
1462
1098
1095
568
714
586
405
836
590
454
439
329
533
411
503
464
277
783
2278
1814
3694
2415
1513
6403
686
2721
1093
870
1103
1004
4319
2727
1600
862
2474
6314
9221
9323
6615
12592
3235
5252
7757
3294
1661
2525
2207
1425
855
1505
3828
2235
1190
1469
1012
945
316
507
400
715
346
625
757
448
497
287
312
1112
755
699
2681
1667
1032
829
714
798
842
2157
2673
2496
1851
1170
1742
3176
1040
694
801
615
767
561
235
900
2164
2874
1134
728
1027
570
150
399
446
371
182
904
175
187
406
585
283
282
292
288
290
276
97
347
782
660
361
294
277
270
845
93
218
48
86
78
149
77
84
20
31
6
115
56
363
130
49
53
379
730
146
15
15
560
2296
1106
430
177
363
41
278
1674
1483
622
290
121
74
112
149
71
111
408
163
829
249
2
122
185
137
62
100
7
54
698
185
59
127
65
54
3780
3564
828
331
209
214
105
226
511
209
242
1428
897
497
9
16
24
30
74
239
41
70
65
196
179
187
64
145
9
181
981
170
14
309
119
53
65
621
372
39
62
111
7
433
51
50
121
136
61
2
3
58
186
6
372
497
367
115
42
113
59
117
47
1063
56
179
63
2
108
68
124
168
0
53
169
64
530
701
6
6
122
55
44
114
125
2
10
110
293
114
61
119
117
1872
161
238
174
57
6
111
290
125
120
65
123
46
125
52
147
1353
349
170
122
632
165
110
15
74
13
64
1
147
160
3
3
2
52
55
53
53
6
4
54
276
324
15
8
218
161
67
98
33
62
102
171
95
6
48
3
145
116
597
503
35
20
129
298
42
23
11
79
134
25
184
507
129
457
130
143
76
175
44
76
95
236
131
11
16
496
10346
2459
821
321
71
120
321
946
259
258
384
196
16
2005
2082
715
418
821
904
177
503
300
512
36
275
198
612
391
113
176
238
21
732
44
45
986
482
620
395
200
450
333
136
4
184
121
936
71
190
126
177
365
1003
1865
762
712
316
739
373
74
449
116
189
258
138
3583
3361
1153
5467
3138
1062
734
912
7118
4128
1654
750
313
485
580
855
1054
118
12
287
50
213
1882
1257
259
496
107
321
596
585
574
452
317
49
387
11
213
51
264
104
2143
2453
641
436
423
202
270
136
417
98
22
97
246
246
245
10
193
127
196
381
329
66
66
64
12
12
263
121
818
78
94
61
3
126
43
1115
5149
1086
517
5239
3846
960
371
37
59
345
56
73
89
24
78
160
126
118
287
182
132
114
7
4
250
253
139
139
59
122
186
115
100
217
246
44
183
166
6
17
118
202
83
455
15
297
1690
1904
237
40
297
109
370
425
212
179
76
3
875
117
69
7
124
123
174
111
3
183
730
183
237
4
57
121
369
142
60
20
4
58
23
61
125
1
7
114
60
57
55
115
113
65
47
11
7
422
188
9
344
237
144
106
36
136
27
644
472
547
215
332
321
433
178
60
76
43
54
58
53
70
26
242
391
173
9
193
49
227
233
1925
2094
652
60
4
51
22
23
38
26
11
38
144
123
35
19
74
60
297
37
142
63
61
6
47
91
182
91
17
95
20
121
179
67
100
53
36
115
77
15
62
115
518
174
20
72
80
410
117
74
118
19
22
8
50
7
1332
331
2582
1239
252
1117
408
353
299
27
245
245
354
185
185
131
131
90
80
243
3401
2887
690
321
371
136
196
2260
3218
662
468
277
329
289
347
182
566
