3134
3124
3111
3097
1817
681
681
681
680
680
406
211
211
211
192
153
153
154
999
2234
1361
393
394
394
397
874
2135
2251
1362
1362
1361
1360
1568
1988
1404
525
535
540
542
542
1089
2128
3340
3529
3519
3508
3499
3488
3753
4014
3997
3652
2847
3664
4008
4140
4121
4100
4079
3130
1811
1808
1388
967
505
505
474
418
348
241
241
242
242
243
243
293
393
1528
2573
2563
2374
912
153
153
153
153
153
153
154
155
400
1012
1205
1203
1202
1024
738
515
371
311
448
397
360
368
389
378
340
310
280
252
220
195
182
182
182
166
153
153
153
132
97
97
97
97
97
97
97
97
97
97
97
97
97
97
97
97
97
98
98
98
560
1030
1034
503
99
99
790
1561
1567
1572
1570
1967
2433
2426
2418
2410
2402
1817
722
98
98
98
98
98
98
98
98
98
98
98
98
98
98
114
109
125
125
125
125
125
108
97
114
140
153
152
152
136
125
124
124
107
97
97
97
97
97
97
97
97
97
97
97
106
114
97
106
124
109
97
97
97
97
97
97
97
97
97
97
97
97
97
97
96
96
96
96
106
124
123
107
96
96
96
96
96
96
96
96
96
96
96
96
96
96
96
96
107
130
136
122
122
122
122
122
122
114
95
105
138
149
149
149
149
149
146
149
149
149
115
95
95
95
96
96
96
96
96
96
96
96
96
96
96
96
96
96
96
96
96
96
73
65
95
95
95
95
95
95
95
95
95
95
95
95
95
95
95
95
95
95
95
95
95
95
95
95
95
95
95
95
80
57
57
57
57
57
57
57
57
57
57
57
57
57
57
57
57
57
57
57
57
57
57
57
57
57
62
62
62
62
62
62
62
62
62
62
62
62
62
62
62
62
62
62
62
62
62
62
62
62
62
62
62
62
62
62
62
62
62
62
62
62
62
62
62
62
62
62
62
62
62
62
62
62
62
62
62
62
58
54
55
55
55
55
55
55
55
59
74
95
95
95
95
95
95
95
95
95
95
95
95
95
95
95
95
95
95
95
95
82
63
63
63
63
63
63
63
63
63
63
63
63
63
75
96
96
96
96
96
96
97
97
97
97
98
98
98
98
98
98
98
98
98
98
175
303
303
303
303
302
303
303
303
303
303
303
303
303
303
303
302
302
302
302
302
302
302
302
302
302
302
302
302
302
302
302
301
301
302
302
302
302
302
302
302
301
284
253
225
175
153
154
154
234
302
302
302
302
301
301
266
209
169
137
136
153
153
153
153
153
153
153
153
153
153
153
153
152
152
152
152
152
113
120
152
152
152
152
152
169
148
124
124
124
124
124
124
147
152
152
152
151
162
196
199
176
172
57
172
172
140
121
151
167
179
179
131
32
150
150
150
150
123
95
95
95
116
149
149
149
120
115
149
137
132
149
149
129
95
129
149
135
121
121
121
111
95
95
119
148
148
148
123
95
95
106
121
121
121
121
133
149
135
121
121
121
121
120
105
94
94
94
94
94
94
94
94
94
94
94
94
94
94
106
120
120
120
106
94
94
94
93
93
110
119
105
94
94
94
93
93
93
93
93
93
93
93
93
93
93
93
94
94
94
94
94
94
94
94
94
94
94
93
93
93
93
93
93
93
93
94
93
93
93
93
93
93
94
94
94
94
94
94
94
93
94
94
94
94
94
77
56
56
56
56
56
62
62
62
62
62
63
63
63
63
63
63
63
63
63
63
63
63
63
63
63
63
63
63
63
63
63
63
63
63
63
63
63
63
63
63
63
63
63
63
63
63
63
63
63
63
63
63
63
63
63
63
63
63
63
63
63
63
63
63
63
63
63
63
63
63
63
63
63
63
63
63
63
63
63
63
64
64
64
64
64
64
64
64
64
64
64
64
64
64
64
64
64
64
64
65
65
65
65
81
99
99
167
215
215
215
215
339
512
389
244
244
244
244
244
282
300
233
214
213
190
155
229
303
197
154
154
154
154
154
154
255
333
333
229
154
243
333
283
213
214
644
1156
929
886
848
509
509
509
509
509
642
786
786
618
343
212
257
331
276
212
212
212
180
153
153
134
98
98
98
98
195
224
122
97
97
97
97
98
98
98
98
97
97
97
97
97
97
97
97
97
97
97
114
140
152
152
152
138
138
115
97
111
139
152
134
97
97
128
158
124
124
135
152
152
151
151
151
114
96
96
96
124
151
151
114
96
96
96
114
151
151
142
123
112
96
106
123
123
123
123
123
123
123
123
123
108
96
96
96
96
96
96
96
96
96
121
151
151
151
151
114
96
96
96
96
96
96
96
96
96
106
123
123
123
112
97
97
109
125
125
125
125
125
125
125
125
125
125
125
125
125
125
125
125
125
110
98
97
97
97
97
97
97
97
97
97
97
97
97
97
97
97
97
97
97
97
97
97
97
97
97
97
97
97
97
97
73
58
58
58
58
58
58
58
58
58
58
58
58
58
58
58
58
58
58
58
58
58
58
58
58
58
58
58
58
58
58
58
58
58
58
58
58
58
58
58
58
58
58
58
58
58
58
58
58
58
58
58
58
58
58
58
58
58
58
58
58
58
58
58
58
58
58
58
58
98
378
1707
2500
2495
2489
2481
2473
1458
683
683
682
682
347
153
359
505
505
414
303
153
121
445
1031
1031
1031
1265
1541
1539
942
331
331
331
331
713
1367
1029
506
507
811
509
524
1314
1549
1546
1543
1327
1027
1027
1026
538
153
153
186
241
541
1028
883
682
682
681
153
153
153
153
153
153
429
683
683
683
536
389
389
524
683
682
682
827
1029
1028
1028
905
642
564
564
564
564
564
564
564
475
269
153
153
301
389
389
358
301
300
241
212
448
683
616
505
505
418
291
842
2336
2653
2645
2636
2627
2142
1147
568
337
300
300
268
242
945
1720
1716
1714
1709
1405
636
270
161
125
108
97
97
97
97
97
97
98
959
1758
1116
958
957
1956
2551
2894
3098
3084
2912
2585
2457
1409
389
389
256
132
97
97
97
98
98
99
223
874
1611
2348
2828
3099
3089
3091
3085
3080
3014
3087
3080
3325
3525
2462
1172
820
211
211
164
125
125
125
125
125
125
115
97
97
97
97
97
97
97
97
97
97
97
97
97
97
98
136
251
330
330
330
330
330
271
153
257
330
330
153
132
97
97
97
97
97
98
98
98
98
98
97
97
97
97
97
97
97
97
97
97
97
97
97
97
97
97
97
97
97
97
97
97
97
97
97
97
97
97
97
96
97
97
97
97
97
97
96
96
96
96
96
96
96
96
96
96
96
96
82
63
63
63
63
63
63
63
63
63
63
63
63
63
62
62
62
62
62
62
62
62
62
62
62
62
62
62
62
62
62
62
62
62
62
62
62
62
62
62
62
62
62
62
62
84
62
62
62
62
62
63
63
63
63
63
63
63
63
63
63
64
64
64
64
64
788
1747
2017
2308
2840
3113
3101
2412
1602
1360
577
211
212
214
851
1726
2273
2269
2495
2489
2481
2473
2206
1725
663
153
153
153
132
98
98
98
98
98
98
98
98
185
331
215
98
98
268
506
506
507
605
745
748
750
1736
2904
3115
2579
1996
1995
2252
2464
1751
772
626
153
153
153
130
98
284
596
606
612
1581
3043
3489
3813
3795
3778
3758
3742
3525
3192
2695
1705
1026
1026
681
330
331
330
330
331
332
687
1199
1198
1196
711
301
301
301
1260
2499
2826
3121
3109
2907
1877
683
899
1386
1470
1370
1370
1370
1669
1797
877
284
212
213
601
798
332
784
1433
1720
1717
1238
783
729
476
330
289
241
241
241
240
186
404
1091
1906
2438
2718
2711
2703
2694
2685
2676
2667
2658
2649
2298
1292
687
686
685
733
800
800
798
798
797
357
97
97
97
97
98
97
97
97
97
97
97
97
97
97
97
97
97
97
97
97
97
97
97
97
97
97
97
97
97
97
97
97
97
97
97
97
97
97
97
97
97
97
97
97
97
97
97
97
97
97
97
97
97
97
97
97
97
97
97
97
97
97
98
98
268
507
604
741
741
446
153
153
130
97
97
97
97
97
97
97
97
97
97
97
97
97
97
97
97
97
97
97
97
97
97
233
97
97
97
97
97
97
97
97
97
97
97
98
98
98
98
98
98
98
97
97
97
97
97
97
97
97
97
97
97
97
97
97
98
98
98
98
98
98
98
98
98
97
97
97
97
97
97
97
97
97
97
97
75
62
62
62
62
62
62
62
62
62
62
62
62
62
62
62
62
62
62
62
62
62
63
63
63
63
294
566
566
1131
1090
447
447
301
98
98
98
98
98
98
185
331
331
331
330
330
330
330
330
332
336
337
337
337
549
1557
2693
3142
2452
2061
1161
2052
2047
2192
1490
395
153
153
154
154
378
961
2061
2791
2783
2777
1785
505
505
367
242
242
862
1543
1537
1537
1107
505
505
505
505
402
153
153
153
153
153
153
1291
2079
1133
681
682
680
680
558
388
388
388
388
388
389
511
682
896
1194
1194
1607
2776
3264
3262
3282
3286
3278
3267
3254
2155
1487
1098
739
739
739
739
500
226
153
153
154
536
1027
1026
1025
1025
1025
1024
742
504
504
299
127
98
97
97
97
98
98
318
505
505
505
345
211
211
211
211
211
212
897
2005
2473
1933
1026
825
523
389
327
241
241
242
242
447
683
683
491
266
211
211
211
187
153
123
97
97
97
97
97
97
97
97
97
97
97
97
97
97
97
97
97
97
97
97
97
97
97
97
97
97
97
97
97
97
97
97
97
97
97
97
97
97
97
97
97
97
97
97
97
97
97
97
97
97
97
97
97
97
97
97
97
97
180
172
124
124
124
124
124
124
108
97
97
97
97
97
97
97
97
97
109
124
123
123
123
123
123
139
134
123
123
110
96
96
96
96
96
96
96
96
96
96
96
96
96
96
95
95
95
95
95
112
107
96
96
96
95
95
95
95
95
95
95
95
95
95
95
95
95
95
95
107
121
121
121
121
121
106
94
95
95
95
95
95
95
96
97
97
97
97
97
97
97
97
97
97
97
97
97
97
97
97
97
97
97
97
97
97
97
97
97
97
97
97
97
97
97
98
98
98
98
98
98
306
515
1943
3135
3122
3107
3092
1727
504
505
1346
2482
2477
2469
2460
1335
241
241
241
241
241
241
574
1776
1900
1489
1486
1065
417
417
306
174
97
97
97
97
97
97
98
98
98
1265
2472
1742
639
352
352
353
1929
2961
2225
847
1839
4717
6084
6051
6016
5980
5391
4920
4895
4873
4724
4495
4325
4014
3674
3128
3116
3104
3091
2115
417
417
418
417
417
418
418
1403
2150
2146
2142
1438
964
658
420
1136
2160
2156
2151
2146
2141
1106
417
417
417
417
419
1359
2171
2704
3112
3099
3087
2458
1490
2072
3125
3117
3106
3095
1858
682
681
681
681
681
681
680
490
329
329
329
329
330
554
1090
1506
1504
1502
1499
1497
1494
1491
1489
981
505
505
505
1416
2459
1373
504
505
506
505
505
505
505
395
241
241
241
214
182
204
241
241
241
241
241
241
241
241
241
241
241
241
241
241
489
782
781
614
418
571
784
787
1253
1892
2164
2159
1716
1314
1148
1146
1145
1144
1142
1140
890
552
300
300
300
300
300
214
122
97
97
98
276
505
505
351
373
507
792
1290
2075
2184
1034
506
505
395
161
98
98
98
98
97
97
89
113
125
125
125
125
125
125
486
1225
1238
782
785
788
1495
2155
2409
2131
1146
1144
812
153
153
704
681
682
688
1306
2157
2149
1601
439
153
153
120
97
97
97
97
97
97
97
98
310
505
457
389
389
389
321
241
169
97
97
97
97
97
97
109
147
181
143
97
129
152
152
138
124
124
124
124
124
124
109
97
97
97
97
97
97
97
96
96
96
111
156
169
151
151
151
151
125
97
97
97
97
97
97
97
97
97
625
1492
1491
1270
734
504
233
97
98
102
104
104
104
104
104
104
104
104
104
104
104
2209
3947
3928
3910
3892
3873
3854
3835
3815
3795
3416
2022
1503
1500
939
626
625
624
624
623
317
98
98
98
98
98
98
98
98
98
98
97
97
97
97
97
97
97
97
97
97
97
97
97
97
97
97
97
97
97
97
97
97
97
97
97
97
97
97
97
97
97
97
97
97
97
97
97
97
97
97
97
97
97
97
98
358
594
447
447
447
446
446
446
447
447
447
447
447
447
446
308
97
98
98
881
1500
498
496
493
490
488
770
182
182
161
125
125
109
97
97
98
97
97
97
98
97
114
98
98
98
98
98
98
98
97
97
97
97
97
97
97
98
98
98
98
98
98
98
98
98
98
97
97
98
336
505
293
98
98
98
98
98
98
98
98
97
97
97
97
97
98
98
98
224
331
331
331
485
595
595
594
594
497
384
330
330
330
275
211
173
97
97
97
97
98
102
105
106
106
635
1403
2284
3652
4633
5015
5553
6001
5968
5929
5890
5850
5324
4416
4101
4126
4104
4080
3575
2273
817
330
330
330
330
331
574
1640
2504
2498
2491
2483
2474
1958
914
682
681
414
412
920
1145
948
735
488
118
97
97
97
97
97
97
97
719
2325
3150
3139
3127
3119
3106
2982
1613
368
97
97
97
97
97
98
296
530
530
530
530
314
97
97
97
97
97
97
97
97
117
153
153
152
122
97
97
97
97
97
97
97
97
109
148
181
181
180
166
128
97
97
96
97
97
97
97
97
97
97
97
97
97
128
152
152
152
152
152
152
176
209
209
183
152
152
152
151
151
151
151
151
151
119
96
96
96
106
123
123
123
123
134
151
151
151
151
150
150
130
96
116
150
150
207
179
150
150
150
149
149
149
149
149
149
149
149
149
120
95
95
95
95
95
95
95
95
95
95
95
95
95
95
95
95
95
95
95
95
95
95
95
95
95
94
94
94
78
49
49
49
49
49
49
49
49
49
49
49
49
49
49
49
49
49
49
49
49
49
49
49
49
49
49
49
49
49
58
65
65
65
65
65
65
65
65
65
65
65
65
65
65
65
65
65
65
65
65
65
64
64
64
64
64
64
64
64
64
64
64
64
64
64
64
64
64
64
65
65
65
65
65
65
65
65
65
65
66
65
66
66
66
66
66
66
66
66
66
66
66
66
66
66
66
66
66
66
66
66
66
66
66
66
66
66
66
66
66
66
66
66
66
66
66
66
66
67
67
67
67
67
67
75
155
235
408
629
972
975
1399
2268
2484
2011
1205
994
993
781
515
381
301
301
301
302
468
744
743
742
742
741
740
754
1812
3244
3713
3895
3025
1977
1115
846
1000
1604
2073
2073
2070
1860
1256
1030
871
573
506
506
506
506
351
241
241
241
241
241
241
241
241
243
245
958
1862
2405
3599
4007
2999
1118
512
512
513
1247
2652
2723
2160
2153
2156
1549
368
270
207
153
153
128
98
98
98
121
187
241
193
452
617
153
153
153
153
153
152
153
153
153
153
153
152
162
181
181
181
181
181
181
181
181
180
149
133
152
168
180
180
180
180
180
179
179
179
179
180
180
180
179
154
96
96
96
97
97
97
97
97
97
97
97
97
97
98
98
98
98
98
97
97
98
98
98
98
98
98
98
98
569
98
589
97
97
98
98
97
97
97
130
153
153
153
153
116
97
98
98
63
0
0
56
104
104
104
104
104
303
1034
2183
3565
4671
5269
5483
5446
5407
4878
3078
2174
2168
2160
945
98
98
239
518
518
1602
3680
3991
3967
-99
1493
1491
956
335
98
97
98
98
99
1720
3112
2472
1492
979
506
506
507
1244
2165
2161
1855
1498
1497
1497
734
104
104
105
105
847
3260
5035
5014
4313
3414
2948
2948
3865
4937
4913
4886
4860
4832
4807
4780
4136
3449
2967
2008
1316
1149
1154
1158
1160
470
99
101
102
1719
3555
2259
1550
2281
4392
5026
5002
4973
4943
3452
2503
2520
2526
3449
4123
4106
4089
3158
2491
2489
2854
3108
3097
2824
1225
330
331
1633
3112
3103
2468
1490
1489
1491
1494
2319
2821
2298
2476
3091
3082
1750
504
504
504
504
504
504
504
504
504
504
504
504
504
504
504
505
505
578
681
682
687
1467
2498
3462
3229
2208
2255
2772
4350
4926
4595
3270
2249
2251
2748
4340
4917
4894
4871
4846
4825
4256
3966
3948
3739
3844
2161
2155
1740
1492
1490
1491
2292
3104
3093
2207
1488
1486
1160
858
680
680
581
417
417
417
417
418
418
561
944
2161
2793
2477
1879
1195
2359
4302
5058
4060
2010
1712
4281
5023
4997
4968
4595
3486
2974
2963
2951
2452
1411
967
870
681
681
680
614
464
336
189
153
153
153
153
153
153
123
97
97
97
97
97
97
97
97
97
97
97
97
97
97
97
97
97
97
97
97
97
97
97
98
98
98
98
305
594
594
494
330
331
510
1249
1547
1544
1542
1396
1145
874
457
250
175
153
153
132
97
97
97
97
97
97
97
97
97
97
97
97
97
97
97
97
97
97
97
97
97
97
97
97
97
97
97
97
97
97
97
97
97
97
97
97
97
97
97
97
97
97
97
97
97
97
97
97
97
97
97
97
97
97
97
97
97
97
97
97
97
97
97
97
97
97
97
97
97
97
97
97
97
96
96
96
95
-99
123
123
123
123
123
123
123
123
123
123
123
123
123
123
123
122
122
106
95
95
95
95
95
95
95
95
95
95
95
95
95
95
95
95
95
95
95
95
95
95
81
65
65
65
65
65
65
65
65
65
65
65
65
65
65
65
65
65
65
65
65
65
65
65
65
65
65
65
65
65
65
65
65
65
65
65
65
65
65
65
65
65
65
65
65
66
66
66
66
66
66
66
66
66
66
66
66
66
66
66
66
66
66
66
66
66
67
67
706
1564
1561
1557
828
230
230
230
231
834
1536
1180
806
806
805
507
245
245
217
172
174
854
2418
3127
3118
1975
838
839
1148
1053
430
233
139
141
141
382
1282
3022
3945
3943
3933
3921
3907
3974
3841
3872
3979
3963
3945
3927
3911
3918
3882
2601
1506
1504
1501
953
465
533
418
330
329
225
153
153
153
153
153
153
153
153
118
101
101
102
101
102
102
102
1035
1644
1642
1640
1638
1635
1339
899
637
526
525
525
439
222
139
121
109
109
109
806
1278
1277
961
766
768
1052
1276
1274
821
390
256
256
517
825
498
215
882
1723
1721
2053
2285
1904
1713
1064
563
563
299
114
114
114
114
114
114
114
114
114
116
683
2212
3186
3525
4016
3965
3809
3737
3298
3830
4064
4050
3234
1974
1227
1225
1223
728
226
226
226
1121
1721
1717
1714
1713
2050
2878
2324
1450
1449
696
232
232
153
114
114
114
114
114
114
114
114
114
113
113
113
113
113
120
127
114
107
107
107
107
107
107
107
107
107
107
107
107
107
107
111
113
114
114
114
119
126
128
129
129
129
129
129
129
346
476
475
254
121
108
109
706
1052
968
1253
1711
2114
1483
911
360
106
106
106
106
106
106
371
586
365
331
331
208
125
127
125
125
125
125
125
124
124
128
129
130
130
784
1195
1193
1191
1190
1191
1191
1184
1180
1181
1181
1060
932
931
363
108
108
108
108
108
108
109
1204
1968
1951
1679
1400
1399
1397
1395
1393
894
309
242
242
363
436
343
238
190
186
186
459
622
534
413
340
275
275
275
202
149
128
107
108
108
319
2221
3883
3864
3855
3838
3817
2580
1368
1169
1050
858
634
633
635
1528
2591
2571
2081
1540
1542
1548
1548
1546
1544
1329
1078
1077
522
138
1409
3055
3591
3615
3605
3307
3567
2922
1983
2021
2038
2038
3284
4320
4341
2936
2936
2038
2041
2060
2081
2890
3589
2002
1326
1582
1968
3078
3802
3787
3770
3569
3446
3432
3417
3401
2916
2248
1321
781
780
780
781
1381
2010
1496
924
926
1424
2091
2772
3641
2287
946
949
1894
3207
3631
2352
1011
1019
1031
1038
651
148
148
149
150
150
566
1694
2715
3610
4163
4574
4811
4796
5040
5319
5295
5433
5401
5369
5336
5303
5268
4619
3465
2951
2939
2611
1860
1253
775
809
1030
1030
1398
1527
1423
899
716
718
720
998
1509
1689
2000
2306
2301
2295
1874
1210
749
534
468
432
433
1202
1303
1028
1026
1026
1024
946
684
490
328
255
185
153
153
153
153
153
153
153
153
153
148
148
149
194
221
221
221
219
218
218
173
140
140
140
139
137
136
140
111
101
101
101
104
104
104
104
104
104
104
104
109
109
110
110
110
112
209
278
278
451
624
624
623
498
289
285
284
284
288
226
123
123
123
123
123
123
123
123
123
123
123
123
123
123
123
123
123
123
434
930
1470
1741
1378
773
311
103
103
103
707
1120
507
203
150
150
123
103
103
103
106
106
106
106
106
105
106
106
106
106
106
107
107
107
107
107
107
106
108
109
109
109
109
109
108
108
109
108
108
105
104
104
105
105
106
106
106
105
105
105
105
106
107
107
106
104
104
104
104
104
104
105
105
105
105
106
106
106
106
106
106
106
106
105
104
104
104
104
104
104
104
104
104
104
104
104
104
104
104
104
104
104
104
104
104
104
104
104
104
104
102
102
103
101
98
98
98
98
98
98
98
99
99
99
99
99
98
98
98
98
98
97
98
98
96
96
96
96
96
95
95
95
95
95
95
95
95
95
96
96
96
73
66
66
66
66
66
67
66
66
66
67
67
67
68
68
68
68
68
68
68
68
68
68
68
68
68
70
70
69
69
70
70
70
70
71
70
70
70
70
70
70
642
1546
1143
670
682
681
675
510
333
332
203
110
110
110
111
111
111
111
112
112
112
112
128
395
585
585
585
584
323
126
126
126
126
126
126
123
123
125
621
1150
1149
815
612
440
180
125
125
125
125
127
315
978
1414
1556
1563
2030
2484
2502
1651
2199
3107
3099
3123
2539
1508
1121
1120
1119
1117
853
483
286
137
383
695
695
668
450
344
207
134
136
136
136
137
138
138
140
142
142
142
625
1040
1039
753
569
569
569
351
211
209
141
119
119
120
120
120
120
120
120
120
120
120
120
120
120
120
120
120
103
92
109
108
103
103
103
104
947
1579
1068
1649
2301
2294
2274
1800
890
300
151
151
151
150
137
114
114
114
114
114
114
114
108
107
107
107
107
107
107
107
108
108
108
109
109
109
109
109
109
108
125
137
138
134
109
99
99
99
99
99
99
100
101
101
101
101
101
101
101
102
102
102
102
101
101
101
101
101
101
101
101
101
101
101
115
156
166
152
152
120
98
98
97
97
97
97
97
97
97
97
97
97
97
97
97
97
97
97
97
125
164
177
177
177
177
169
121
115
140
140
119
104
104
131
158
144
144
144
124
103
111
123
123
123
123
123
123
117
107
108
108
106
106
104
104
103
103
104
104
104
104
105
105
105
105
105
105
105
105
102
102
103
102
101
101
101
101
101
101
100
100
100
100
100
100
100
100
100
100
100
101
101
102
102
102
102
102
103
102
101
101
90
72
72
72
72
72
73
73
73
72
72
72
73
73
73
73
68
68
68
68
68
68
68
68
68
68
68
68
68
68
68
68
68
68
68
451
742
735
619
502
